101,100
101,101
101,102
101,103
101,104
101,105
101,106
101,107
101,108
101,109
101,110
101,111
101,112
101,113
101,114
101,115
101,116
101,117
101,118
101,119
101,120
101,121
101,122
101,123
101,124
101,125
101,126
101,127
101,128
101,129
101,130
101,131
101,132
101,133
101,134
101,135
101,136
101,137
101,138
101,139
101,140
101,141
101,142
101,143
101,144
101,145
101,146
101,147
101,148
101,149
101,150
101,151
101,152
101,153
101,154
101,155
101,156
101,157
101,158
101,159
101,160
101,161
101,162
101,163
101,164
101,165
101,166
101,167
101,168
101,169
101,170
101,171
101,172
101,173
101,174
101,175
101,176
101,177
101,178
101,179
101,180
101,181
101,182
101,183
101,184
101,185
101,186
101,187
101,188
101,189
100,190
100,191
100,192
100,193
100,194
102,195
102,196
102,197
102,198
102,199
